{
 "m_BoneInfoMap": [
  {
   "key": "Armature_Lower_Arm_L",
   "value": {
    "id": 5,
    "offset": {
     "_11": -0.1661020964384079,
     "_12": 0.5161970257759094,
     "_13": -0.8402099013328552,
     "_14": 0.0,
     "_21": -0.9519305229187012,
     "_22": -0.3063144087791443,
     "_23": -4.321340156820952e-07,
     "_24": 0.0,
     "_31": -0.25736838579177856,
     "_32": 0.7998201251029968,
     "_33": 0.5422630906105042,
     "_34": -0.0,
     "_41": -0.5206897854804993,
     "_42": 2.5684430599212646,
     "_43": 3.8057961463928223,
     "_44": 1.0
    }
   }
  },
  {
   "key": "Armature_Torso",
   "value": {
    "id": 0,
    "offset": {
     "_11": 1.0,
     "_12": 0.0,
     "_13": -0.0,
     "_14": 0.0,
     "_21": 0.0,
     "_22": -0.0646655485033989,
     "_23": 0.9979069232940674,
     "_24": 0.0,
     "_31": -0.0,
     "_32": -0.9979069232940674,
     "_33": -0.06466542929410934,
     "_34": -0.0,
     "_41": 0.0,
     "_42": -3.204277992248535,
     "_43": -0.20764069259166718,
     "_44": 1.0
    }
   }
  },
  {
   "key": "Armature_Chest",
   "value": {
    "id": 1,
    "offset": {
     "_11": 1.0,
     "_12": 0.0,
     "_13": -4.7683701609457785e-07,
     "_14": 0.0,
     "_21": 4.750949926801695e-07,
     "_22": 0.08540105074644089,
     "_23": 0.9963467121124268,
     "_24": 0.0,
     "_31": -0.0,
     "_32": -0.9963467121124268,
     "_33": 0.08540111035108566,
     "_34": -0.0,
     "_41": 2.36542987863686e-07,
     "_42": -4.664978981018066,
     "_43": 0.49606719613075256,
     "_44": 1.0
    }
   }
  },
  {
   "key": "Armature_Neck",
   "value": {
    "id": 2,
    "offset": {
     "_11": -1.0,
     "_12": 0.0,
     "_13": -1.5099600148005266e-07,
     "_14": 0.0,
     "_21": 1.4731300268522318e-07,
     "_22": -0.21951210498809814,
     "_23": -0.9756097793579102,
     "_24": 0.0,
     "_31": -0.0,
     "_32": -0.9756097197532654,
     "_33": 0.21951210498809814,
     "_34": -0.0,
     "_41": -2.004060064564328e-07,
     "_42": -5.831621170043945,
     "_43": 1.3272309303283691,
     "_44": 1.0
    }
   }
  },
  {
   "key": "Armature_Hand_L",
   "value": {
    "id": 6,
    "offset": {
     "_11": -0.07639019936323166,
     "_12": 0.36169329285621643,
     "_13": -0.9291632771492004,
     "_14": 0.0,
     "_21": -0.9818642139434814,
     "_22": -0.18945810198783875,
     "_23": 0.006973624229431152,
     "_24": 0.0,
     "_31": -0.1735152006149292,
     "_32": 0.9128438234329224,
     "_33": 0.3696064054965973,
     "_34": -0.0,
     "_41": -0.44834721088409424,
     "_42": 2.2348151206970215,
     "_43": 3.430087089538574,
     "_44": 1.0
    }
   }
  },
  {
   "key": "Armature_Head",
   "value": {
    "id": 3,
    "offset": {
     "_11": -1.0,
     "_12": 0.0,
     "_13": -3.9514301874987723e-07,
     "_14": 0.0,
     "_21": 3.9518400285487587e-07,
     "_22": 0.017927050590515137,
     "_23": -0.9998394250869751,
     "_24": 0.0,
     "_31": -0.0,
     "_32": -0.999839186668396,
     "_33": -0.017926989123225212,
     "_34": -0.0,
     "_41": 0.0,
     "_42": -6.273749828338623,
     "_43": -0.1641131043434143,
     "_44": 1.0
    }
   }
  },
  {
   "key": "Armature_Upper_Arm_L",
   "value": {
    "id": 4,
    "offset": {
     "_11": -0.8112766742706299,
     "_12": 0.5809823274612427,
     "_13": -0.0655105710029602,
     "_14": 0.0,
     "_21": -5.476180149344145e-07,
     "_22": 0.11204670369625092,
     "_23": 0.9937031269073486,
     "_24": 0.0,
     "_31": 0.5846641063690186,
     "_32": 0.8061671853065491,
     "_33": -0.0909002423286438,
     "_34": -0.0,
     "_41": 3.9344310760498047,
     "_42": 3.8387279510498047,
     "_43": -0.5588130950927734,
     "_44": 1.0
    }
   }
  },
  {
   "key": "Armature_Upper_Arm_R",
   "value": {
    "id": 7,
    "offset": {
     "_11": -0.811276376247406,
     "_12": -0.5809820294380188,
     "_13": -0.06550966948270798,
     "_14": 0.0,
     "_21": -0.1594415009021759,
     "_22": 0.11204680055379868,
     "_23": 0.9808284044265747,
     "_24": 0.0,
     "_31": -0.5625032782554626,
     "_32": 0.8061673045158386,
     "_33": -0.18353329598903656,
     "_34": -0.0,
     "_41": -3.7937889099121094,
     "_42": 3.838728904724121,
     "_43": -1.1828620433807373,
     "_44": 1.0
    }
   }
  },
  {
   "key": "Armature_Lower_Arm_R",
   "value": {
    "id": 8,
    "offset": {
     "_11": -0.16610290110111237,
     "_12": -0.5161967277526855,
     "_13": -0.8402094841003418,
     "_14": 0.0,
     "_21": -0.8803222179412842,
     "_22": -0.30631428956985474,
     "_23": 0.3622218072414398,
     "_24": 0.0,
     "_31": -0.44434571266174316,
     "_32": 0.799820601940155,
     "_33": -0.4035395085811615,
     "_34": -0.0,
     "_41": -1.9296729564666748,
     "_42": 2.568444013595581,
     "_43": -3.321377992630005,
     "_44": 1.0
    }
   }
  },
  {
   "key": "Armature_Hand_R",
   "value": {
    "id": 9,
    "offset": {
     "_11": -0.07639019936323166,
     "_12": -0.36169329285621643,
     "_13": -0.9291629791259766,
     "_14": 0.0,
     "_21": -0.9698193073272705,
     "_22": -0.18945810198783875,
     "_23": 0.15348230302333832,
     "_24": 0.0,
     "_31": -0.2315509021282196,
     "_32": 0.9128438830375671,
     "_33": -0.33630409836769104,
     "_34": -0.0,
     "_41": -1.0025429725646973,
     "_42": 2.2348151206970215,
     "_43": -3.3108019828796387,
     "_44": 1.0
    }
   }
  },
  {
   "key": "Armature_Upper_Leg_L",
   "value": {
    "id": 10,
    "offset": {
     "_11": -0.9999334812164307,
     "_12": 0.011496719904243946,
     "_13": 0.0008341519860550761,
     "_14": 0.0,
     "_21": -9.43510967772454e-05,
     "_22": -0.08047652244567871,
     "_23": 0.9967600107192993,
     "_24": 0.0,
     "_31": 0.011526459828019142,
     "_32": 0.9966903924942017,
     "_33": 0.08047311753034592,
     "_34": -0.0,
     "_41": 0.6038652062416077,
     "_42": 3.207629919052124,
     "_43": 0.15445519983768463,
     "_44": 1.0
    }
   }
  },
  {
   "key": "Armature_Lower_Leg_L",
   "value": {
    "id": 11,
    "offset": {
     "_11": 0.9995610117912292,
     "_12": -0.029626959934830666,
     "_13": -1.3560099887399701e-06,
     "_14": 0.0,
     "_21": 0.0035118460655212402,
     "_22": 0.11851070076227188,
     "_23": -0.9929502010345459,
     "_24": 0.0,
     "_31": 0.029418230056762695,
     "_32": 0.9925110936164856,
     "_33": 0.11856120079755783,
     "_34": -0.0,
     "_41": -0.5243061780929565,
     "_42": 1.9404720067977905,
     "_43": 0.2307600975036621,
     "_44": 1.0
    }
   }
  },
  {
   "key": "Armature_Foot_L",
   "value": {
    "id": 12,
    "offset": {
     "_11": -1.0,
     "_12": -4.1866198330353654e-07,
     "_13": 1.7788599393497861e-07,
     "_14": 0.0,
     "_21": -1.201849926246723e-07,
     "_22": -0.9130126237869263,
     "_23": 0.4079405963420868,
     "_24": 0.0,
     "_31": -0.0,
     "_32": 0.40793830156326294,
     "_33": 0.9130098819732666,
     "_34": -0.0,
     "_41": 0.5373237729072571,
     "_42": 0.34840860962867737,
     "_43": 0.3434753119945526,
     "_44": 1.0
    }
   }
  },
  {
   "key": "Armature_Upper_Leg_R",
   "value": {
    "id": 13,
    "offset": {
     "_11": -0.9999336004257202,
     "_12": -0.011496719904243946,
     "_13": 0.0008334830054081976,
     "_14": 0.0,
     "_21": 0.0017566679744049907,
     "_22": -0.08047652244567871,
     "_23": 0.9967585206031799,
     "_24": 0.0,
     "_31": -0.011392230167984962,
     "_32": 0.9966902732849121,
     "_33": 0.08049225062131882,
     "_34": -0.0,
     "_41": -0.6036068797111511,
     "_42": 3.2076289653778076,
     "_43": 0.15546220541000366,
     "_44": 1.0
    }
   }
  },
  {
   "key": "Armature_Lower_Leg_R",
   "value": {
    "id": 14,
    "offset": {
     "_11": 0.9995610117912292,
     "_12": 0.029626959934830666,
     "_13": 1.5553099785847735e-07,
     "_14": 0.0,
     "_21": -0.0035130379255861044,
     "_22": 0.11851059645414352,
     "_23": -0.9929502010345459,
     "_24": 0.0,
     "_31": -0.029418110847473145,
     "_32": 0.9925109148025513,
     "_33": 0.11856120079755783,
     "_34": -0.0,
     "_41": 0.5243064165115356,
     "_42": 1.9404720067977905,
     "_43": 0.230759397149086,
     "_44": 1.0
    }
   }
  },
  {
   "key": "Armature_Foot_R",
   "value": {
    "id": 15,
    "offset": {
     "_11": -1.0,
     "_12": 4.1034999753719603e-07,
     "_13": -1.5486300242173456e-07,
     "_14": 0.0,
     "_21": 1.3058199499482726e-07,
     "_22": -0.9130128026008606,
     "_23": 0.4079405963420868,
     "_24": 0.0,
     "_31": -0.0,
     "_32": 0.4079382121562958,
     "_33": 0.9130098223686218,
     "_34": -0.0,
     "_41": -0.5373237133026123,
     "_42": 0.34840840101242065,
     "_43": 0.3434748947620392,
     "_44": 1.0
    }
   }
  }
 ],
 "m_Bones": [
  {
   "m_ID": 0,
   "m_LocalTransform": {
    "_11": 1.0,
    "_12": 0.0,
    "_13": 0.0,
    "_14": 0.0,
    "_21": 0.0,
    "_22": 1.0,
    "_23": 0.0,
    "_24": 0.0,
    "_31": 0.0,
    "_32": 0.0,
    "_33": 1.0,
    "_34": 0.0,
    "_41": 0.0,
    "_42": 0.0,
    "_43": 0.0,
    "_44": 1.0
   },
   "m_Name": "Armature_Torso",
   "m_NumPositions": 21,
   "m_NumRotations": 21,
   "m_NumScalings": 21,
   "m_Positions": [
    {
     "position": {
      "x": 0.0,
      "y": 0.0,
      "z": -3.8109989166259766
     },
     "timeStamp": 0.0
    },
    {
     "position": {
      "x": 0.0,
      "y": -3.7252898543727042e-09,
      "z": -3.7576661109924316
     },
     "timeStamp": 41.66661834716797
    },
    {
     "position": {
      "x": 0.0,
      "y": 0.0,
      "z": -3.6074419021606445
     },
     "timeStamp": 83.33331298828125
    },
    {
     "position": {
      "x": 0.0,
      "y": -9.313230187046884e-10,
      "z": -3.4145560264587402
     },
     "timeStamp": 125.0
    },
    {
     "position": {
      "x": 0.0,
      "y": -3.2596298993325945e-09,
      "z": -3.2643320560455322
     },
     "timeStamp": 166.66659545898438
    },
    {
     "position": {
      "x": 0.0,
      "y": 0.0,
      "z": -3.210999011993408
     },
     "timeStamp": 208.3332977294922
    },
    {
     "position": {
      "x": 0.0,
      "y": -4.656610097519831e-10,
      "z": -3.2643320560455322
     },
     "timeStamp": 250.0
    },
    {
     "position": {
      "x": 0.0,
      "y": 0.0,
      "z": -3.4145560264587402
     },
     "timeStamp": 291.6665954589844
    },
    {
     "position": {
      "x": 0.0,
      "y": 0.0,
      "z": -3.6074419021606445
     },
     "timeStamp": 333.33331298828125
    },
    {
     "position": {
      "x": 0.0,
      "y": 0.0,
      "z": -3.7576661109924316
     },
     "timeStamp": 375.0
    },
    {
     "position": {
      "x": 0.0,
      "y": 0.0,
      "z": -3.8109989166259766
     },
     "timeStamp": 416.6665954589844
    },
    {
     "position": {
      "x": 0.0,
      "y": -3.7252898543727042e-09,
      "z": -3.7576661109924316
     },
     "timeStamp": 458.33331298828125
    },
    {
     "position": {
      "x": 0.0,
      "y": 0.0,
      "z": -3.6074419021606445
     },
     "timeStamp": 500.0
    },
    {
     "position": {
      "x": 0.0,
      "y": -9.313230187046884e-10,
      "z": -3.4145560264587402
     },
     "timeStamp": 541.6666870117188
    },
    {
     "position": {
      "x": 0.0,
      "y": -3.0267999218125397e-09,
      "z": -3.2643320560455322
     },
     "timeStamp": 583.3333129882813
    },
    {
     "position": {
      "x": 0.0,
      "y": 0.0,
      "z": -3.210999011993408
     },
     "timeStamp": 625.0
    },
    {
     "position": {
      "x": 0.0,
      "y": -2.3283100447635263e-10,
      "z": -3.2643320560455322
     },
     "timeStamp": 666.6666870117188
    },
    {
     "position": {
      "x": 0.0,
      "y": 0.0,
      "z": -3.4145560264587402
     },
     "timeStamp": 708.3333129882813
    },
    {
     "position": {
      "x": 0.0,
      "y": 0.0,
      "z": -3.6074419021606445
     },
     "timeStamp": 750.0
    },
    {
     "position": {
      "x": 0.0,
      "y": 0.0,
      "z": -3.7576661109924316
     },
     "timeStamp": 791.6666870117188
    },
    {
     "position": {
      "x": 0.0,
      "y": 0.0,
      "z": -3.8109989166259766
     },
     "timeStamp": 833.3333129882813
    }
   ],
   "m_Rotations": [
    {
     "orientation": {
      "w": 0.6838619709014893,
      "x": -0.7296115159988403,
      "y": -0.0,
      "z": 0.0
     },
     "timeStamp": 0.0
    },
    {
     "orientation": {
      "w": 0.6838619709014893,
      "x": -0.7296115159988403,
      "y": -0.0,
      "z": 0.0
     },
     "timeStamp": 41.66661834716797
    },
    {
     "orientation": {
      "w": 0.6838619709014893,
      "x": -0.7296115159988403,
      "y": -0.0,
      "z": 0.0
     },
     "timeStamp": 83.33331298828125
    },
    {
     "orientation": {
      "w": 0.6838619709014893,
      "x": -0.7296115159988403,
      "y": -0.0,
      "z": 0.0
     },
     "timeStamp": 125.0
    },
    {
     "orientation": {
      "w": 0.6838619709014893,
      "x": -0.7296115159988403,
      "y": -0.0,
      "z": 0.0
     },
     "timeStamp": 166.66659545898438
    },
    {
     "orientation": {
      "w": 0.6838619709014893,
      "x": -0.7296115159988403,
      "y": -0.0,
      "z": 0.0
     },
     "timeStamp": 208.3332977294922
    },
    {
     "orientation": {
      "w": 0.6838619709014893,
      "x": -0.7296115159988403,
      "y": -0.0,
      "z": 0.0
     },
     "timeStamp": 250.0
    },
    {
     "orientation": {
      "w": 0.6838619709014893,
      "x": -0.7296115159988403,
      "y": -0.0,
      "z": 0.0
     },
     "timeStamp": 291.6665954589844
    },
    {
     "orientation": {
      "w": 0.6838619709014893,
      "x": -0.7296115159988403,
      "y": -0.0,
      "z": 0.0
     },
     "timeStamp": 333.33331298828125
    },
    {
     "orientation": {
      "w": 0.6838619709014893,
      "x": -0.7296115159988403,
      "y": -0.0,
      "z": 0.0
     },
     "timeStamp": 375.0
    },
    {
     "orientation": {
      "w": 0.6838619709014893,
      "x": -0.7296115159988403,
      "y": -0.0,
      "z": 0.0
     },
     "timeStamp": 416.6665954589844
    },
    {
     "orientation": {
      "w": 0.6838619709014893,
      "x": -0.7296115159988403,
      "y": -0.0,
      "z": 0.0
     },
     "timeStamp": 458.33331298828125
    },
    {
     "orientation": {
      "w": 0.6838619709014893,
      "x": -0.7296115159988403,
      "y": -0.0,
      "z": 0.0
     },
     "timeStamp": 500.0
    },
    {
     "orientation": {
      "w": 0.6838619709014893,
      "x": -0.7296115159988403,
      "y": -0.0,
      "z": 0.0
     },
     "timeStamp": 541.6666870117188
    },
    {
     "orientation": {
      "w": 0.6838619709014893,
      "x": -0.7296115159988403,
      "y": -0.0,
      "z": 0.0
     },
     "timeStamp": 583.3333129882813
    },
    {
     "orientation": {
      "w": 0.6838619709014893,
      "x": -0.7296115159988403,
      "y": -0.0,
      "z": 0.0
     },
     "timeStamp": 625.0
    },
    {
     "orientation": {
      "w": 0.6838619709014893,
      "x": -0.7296115159988403,
      "y": -0.0,
      "z": 0.0
     },
     "timeStamp": 666.6666870117188
    },
    {
     "orientation": {
      "w": 0.6838619709014893,
      "x": -0.7296115159988403,
      "y": -0.0,
      "z": 0.0
     },
     "timeStamp": 708.3333129882813
    },
    {
     "orientation": {
      "w": 0.6838619709014893,
      "x": -0.7296115159988403,
      "y": -0.0,
      "z": 0.0
     },
     "timeStamp": 750.0
    },
    {
     "orientation": {
      "w": 0.6838619709014893,
      "x": -0.7296115159988403,
      "y": -0.0,
      "z": 0.0
     },
     "timeStamp": 791.6666870117188
    },
    {
     "orientation": {
      "w": 0.6838619709014893,
      "x": -0.7296115159988403,
      "y": -0.0,
      "z": 0.0
     },
     "timeStamp": 833.3333129882813
    }
   ],
   "m_Scales": [
    {
     "scale": {
      "x": 1.0,
      "y": 0.9999999403953552,
      "z": 0.9999999403953552
     },
     "timeStamp": 0.0
    },
    {
     "scale": {
      "x": 1.0,
      "y": 0.9999999403953552,
      "z": 0.9999999403953552
     },
     "timeStamp": 41.66661834716797
    },
    {
     "scale": {
      "x": 1.0,
      "y": 0.9999999403953552,
      "z": 0.9999999403953552
     },
     "timeStamp": 83.33331298828125
    },
    {
     "scale": {
      "x": 1.0,
      "y": 0.9999999403953552,
      "z": 0.9999999403953552
     },
     "timeStamp": 125.0
    },
    {
     "scale": {
      "x": 1.0,
      "y": 0.9999999403953552,
      "z": 0.9999999403953552
     },
     "timeStamp": 166.66659545898438
    },
    {
     "scale": {
      "x": 1.0,
      "y": 0.9999999403953552,
      "z": 0.9999999403953552
     },
     "timeStamp": 208.3332977294922
    },
    {
     "scale": {
      "x": 1.0,
      "y": 0.9999999403953552,
      "z": 0.9999999403953552
     },
     "timeStamp": 250.0
    },
    {
     "scale": {
      "x": 1.0,
      "y": 0.9999999403953552,
      "z": 0.9999999403953552
     },
     "timeStamp": 291.6665954589844
    },
    {
     "scale": {
      "x": 1.0,
      "y": 0.9999999403953552,
      "z": 0.9999999403953552
     },
     "timeStamp": 333.33331298828125
    },
    {
     "scale": {
      "x": 1.0,
      "y": 0.9999999403953552,
      "z": 0.9999999403953552
     },
     "timeStamp": 375.0
    },
    {
     "scale": {
      "x": 1.0,
      "y": 0.9999999403953552,
      "z": 0.9999999403953552
     },
     "timeStamp": 416.6665954589844
    },
    {
     "scale": {
      "x": 1.0,
      "y": 0.9999999403953552,
      "z": 0.9999999403953552
     },
     "timeStamp": 458.33331298828125
    },
    {
     "scale": {
      "x": 1.0,
      "y": 0.9999999403953552,
      "z": 0.9999999403953552
     },
     "timeStamp": 500.0
    },
    {
     "scale": {
      "x": 1.0,
      "y": 0.9999999403953552,
      "z": 0.9999999403953552
     },
     "timeStamp": 541.6666870117188
    },
    {
     "scale": {
      "x": 1.0,
      "y": 0.9999999403953552,
      "z": 0.9999999403953552
     },
     "timeStamp": 583.3333129882813
    },
    {
     "scale": {
      "x": 1.0,
      "y": 0.9999999403953552,
      "z": 0.9999999403953552
     },
     "timeStamp": 625.0
    },
    {
     "scale": {
      "x": 1.0,
      "y": 0.9999999403953552,
      "z": 0.9999999403953552
     },
     "timeStamp": 666.6666870117188
    },
    {
     "scale": {
      "x": 1.0,
      "y": 0.9999999403953552,
      "z": 0.9999999403953552
     },
     "timeStamp": 708.3333129882813
    },
    {
     "scale": {
      "x": 1.0,
      "y": 0.9999999403953552,
      "z": 0.9999999403953552
     },
     "timeStamp": 750.0
    },
    {
     "scale": {
      "x": 1.0,
      "y": 0.9999999403953552,
      "z": 0.9999999403953552
     },
     "timeStamp": 791.6666870117188
    },
    {
     "scale": {
      "x": 1.0,
      "y": 0.9999999403953552,
      "z": 0.9999999403953552
     },
     "timeStamp": 833.3333129882813
    }
   ]
  },
  {
   "m_ID": 1,
   "m_LocalTransform": {
    "_11": 1.0,
    "_12": 0.0,
    "_13": 0.0,
    "_14": 0.0,
    "_21": 0.0,
    "_22": 1.0,
    "_23": 0.0,
    "_24": 0.0,
    "_31": 0.0,
    "_32": 0.0,
    "_33": 1.0,
    "_34": 0.0,
    "_41": 0.0,
    "_42": 0.0,
    "_43": 0.0,
    "_44": 1.0
   },
   "m_Name": "Armature_Chest",
   "m_NumPositions": 21,
   "m_NumRotations": 21,
   "m_NumScalings": 21,
   "m_Positions": [
    {
     "position": {
      "x": 0.0,
      "y": 1.4824039936065674,
      "z": 1.4901198497341284e-08
     },
     "timeStamp": 0.0
    },
    {
     "position": {
      "x": 0.0,
      "y": 1.4824039936065674,
      "z": -0.0
     },
     "timeStamp": 41.66661834716797
    },
    {
     "position": {
      "x": 0.0,
      "y": 1.4824049472808838,
      "z": 1.4901198497341284e-08
     },
     "timeStamp": 83.33331298828125
    },
    {
     "position": {
      "x": 0.0,
      "y": 1.4824039936065674,
      "z": 1.4901198497341284e-08
     },
     "timeStamp": 125.0
    },
    {
     "position": {
      "x": 0.0,
      "y": 1.4824049472808838,
      "z": -0.0
     },
     "timeStamp": 166.66659545898438
    },
    {
     "position": {
      "x": 0.0,
      "y": 1.4824049472808838,
      "z": 1.4901198497341284e-08
     },
     "timeStamp": 208.3332977294922
    },
    {
     "position": {
      "x": 0.0,
      "y": 1.4824049472808838,
      "z": -0.0
     },
     "timeStamp": 250.0
    },
    {
     "position": {
      "x": 0.0,
      "y": 1.4824039936065674,
      "z": 1.4901198497341284e-08
     },
     "timeStamp": 291.6665954589844
    },
    {
     "position": {
      "x": 0.0,
      "y": 1.4824049472808838,
      "z": 1.4901198497341284e-08
     },
     "timeStamp": 333.33331298828125
    },
    {
     "position": {
      "x": 0.0,
      "y": 1.4824039936065674,
      "z": -0.0
     },
     "timeStamp": 375.0
    },
    {
     "position": {
      "x": 0.0,
      "y": 1.4824039936065674,
      "z": 1.4901198497341284e-08
     },
     "timeStamp": 416.6665954589844
    },
    {
     "position": {
      "x": 0.0,
      "y": 1.4824039936065674,
      "z": -0.0
     },
     "timeStamp": 458.33331298828125
    },
    {
     "position": {
      "x": 0.0,
      "y": 1.4824049472808838,
      "z": 1.4901198497341284e-08
     },
     "timeStamp": 500.0
    },
    {
     "position": {
      "x": 0.0,
      "y": 1.4824039936065674,
      "z": 1.4901198497341284e-08
     },
     "timeStamp": 541.6666870117188
    },
    {
     "position": {
      "x": 0.0,
      "y": 1.4824049472808838,
      "z": -0.0
     },
     "timeStamp": 583.3333129882813
    },
    {
     "position": {
      "x": 0.0,
      "y": 1.4824049472808838,
      "z": 1.4901198497341284e-08
     },
     "timeStamp": 625.0
    },
    {
     "position": {
      "x": 0.0,
      "y": 1.4824049472808838,
      "z": -0.0
     },
     "timeStamp": 666.6666870117188
    },
    {
     "position": {
      "x": 0.0,
      "y": 1.4824039936065674,
      "z": 1.4901198497341284e-08
     },
     "timeStamp": 708.3333129882813
    },
    {
     "position": {
      "x": 0.0,
      "y": 1.4824049472808838,
      "z": 1.4901198497341284e-08
     },
     "timeStamp": 750.0
    },
    {
     "position": {
      "x": 0.0,
      "y": 1.4824039936065674,
      "z": -0.0
     },
     "timeStamp": 791.6666870117188
    },
    {
     "position": {
      "x": 0.0,
      "y": 1.4824039936065674,
      "z": 1.4901198497341284e-08
     },
     "timeStamp": 833.3333129882813
    }
   ],
   "m_Rotations": [
    {
     "orientation": {
      "w": 0.9998244047164917,
      "x": 0.001846707658842206,
      "y": -0.0065184724517166615,
      "z": -0.017470574006438255
     },
     "timeStamp": 0.0
    },
    {
     "orientation": {
      "w": 0.9998199939727783,
      "x": 0.005628456361591816,
      "y": -0.006301805377006531,
      "z": -0.01698877662420273
     },
     "timeStamp": 41.66661834716797
    },
    {
     "orientation": {
      "w": 0.9997312426567078,
      "x": 0.016282284632325172,
      "y": -0.005644895136356354,
      "z": -0.015506823547184467
     },
     "timeStamp": 83.33331298828125
    },
    {
     "orientation": {
      "w": 0.9994520545005798,
      "x": 0.02996104583144188,
      "y": -0.00467686215415597,
      "z": -0.013270121067762375
     },
     "timeStamp": 125.0
    },
    {
     "orientation": {
      "w": 0.9991090893745422,
      "x": 0.040609389543533325,
      "y": -0.003682073438540101,
      "z": -0.010882426053285599
     },
     "timeStamp": 166.66659545898438
    },
    {
     "orientation": {
      "w": 0.9989708662033081,
      "x": 0.04438849911093712,
      "y": -0.0028921402990818024,
      "z": -0.008864075876772404
     },
     "timeStamp": 208.3332977294922
    },
    {
     "orientation": {
      "w": 0.9991434812545776,
      "x": 0.04075566306710243,
      "y": -0.002167898928746581,
      "z": -0.006824063137173653
     },
     "timeStamp": 250.0
    },
    {
     "orientation": {
      "w": 0.9995238184928894,
      "x": 0.030516769737005234,
      "y": -0.001357764471322298,
      "z": -0.004374080803245306
     },
     "timeStamp": 291.6665954589844
    },
    {
     "orientation": {
      "w": 0.9998469352722168,
      "x": 0.01736385002732277,
      "y": -0.0006258951034396887,
      "z": -0.002054594224318862
     },
     "timeStamp": 333.33331298828125
    },
    {
     "orientation": {
      "w": 0.9999744892120361,
      "x": 0.007119537331163883,
      "y": -0.0001520893711131066,
      "z": -0.0005059397080913186
     },
     "timeStamp": 375.0
    },
    {
     "orientation": {
      "w": 0.9999939203262329,
      "x": 0.0034831531811505556,
      "y": -2.3841721485950984e-07,
      "z": -8.304518184232279e-10
     },
     "timeStamp": 416.6665954589844
    },
    {
     "orientation": {
      "w": 0.9999821186065674,
      "x": 0.005960557609796524,
      "y": -0.00016234064241871238,
      "z": -0.0005025002174079418
     },
     "timeStamp": 458.33331298828125
    },
    {
     "orientation": {
      "w": 0.9999139904975891,
      "x": 0.01293925754725933,
      "y": -0.000664982246235013,
      "z": -0.002041330561041832
     },
     "timeStamp": 500.0
    },
    {
     "orientation": {
      "w": 0.9997496604919434,
      "x": 0.02189973182976246,
      "y": -0.0014338769251480699,
      "z": -0.004348211921751499
     },
     "timeStamp": 541.6666870117188
    },
    {
     "orientation": {
      "w": 0.999557375907898,
      "x": 0.028876690194010735,
      "y": -0.0022729577030986547,
      "z": -0.006788750644773245
     },
     "timeStamp": 583.3333129882813
    },
    {
     "orientation": {
      "w": 0.9994649291038513,
      "x": 0.031352780759334564,
      "y": -0.003007530001923442,
      "z": -0.008825591765344143
     },
     "timeStamp": 625.0
    },
    {
     "orientation": {
      "w": 0.9995211958885193,
      "x": 0.02873060666024685,
      "y": -0.0037870691157877445,
      "z": -0.010846949182450771
     },
     "timeStamp": 666.6666870117188
    },
    {
     "orientation": {
      "w": 0.9996731877326965,
      "x": 0.021344048902392387,
      "y": -0.004752619192004204,
      "z": -0.013243294321000576
     },
     "timeStamp": 708.3333129882813
    },
    {
     "orientation": {
      "w": 0.999793529510498,
      "x": 0.011857770383358002,
      "y": -0.005683446303009987,
      "z": -0.015492127276957035
     },
     "timeStamp": 750.0
    },
    {
     "orientation": {
      "w": 0.9998258352279663,
      "x": 0.004469520878046751,
      "y": -0.006311819888651371,
      "z": -0.016984708607196808
     },
     "timeStamp": 791.6666870117188
    },
    {
     "orientation": {
      "w": 0.9998244047164917,
      "x": 0.001846707658842206,
      "y": -0.0065184724517166615,
      "z": -0.017470574006438255
     },
     "timeStamp": 833.3333129882813
    }
   ],
   "m_Scales": [
    {
     "scale": {
      "x": 1.0,
      "y": 0.9999998807907104,
      "z": 0.9999998807907104
     },
     "timeStamp": 0.0
    },
    {
     "scale": {
      "x": 0.9999999403953552,
      "y": 0.9999998807907104,
      "z": 0.9999998807907104
     },
     "timeStamp": 41.66661834716797
    },
    {
     "scale": {
      "x": 0.9999998807907104,
      "y": 0.9999998211860657,
      "z": 0.9999999403953552
     },
     "timeStamp": 83.33331298828125
    },
    {
     "scale": {
      "x": 0.9999998807907104,
      "y": 0.9999998807907104,
      "z": 0.9999998211860657
     },
     "timeStamp": 125.0
    },
    {
     "scale": {
      "x": 0.9999999403953552,
      "y": 0.9999998807907104,
      "z": 0.9999999403953552
     },
     "timeStamp": 166.66659545898438
    },
    {
     "scale": {
      "x": 0.9999999403953552,
      "y": 0.9999999403953552,
      "z": 0.9999998807907104
     },
     "timeStamp": 208.3332977294922
    },
    {
     "scale": {
      "x": 1.0,
      "y": 0.9999999403953552,
      "z": 0.9999999403953552
     },
     "timeStamp": 250.0
    },
    {
     "scale": {
      "x": 0.9999998807907104,
      "y": 0.9999998807907104,
      "z": 0.9999999403953552
     },
     "timeStamp": 291.6665954589844
    },
    {
     "scale": {
      "x": 1.0,
      "y": 0.9999999403953552,
      "z": 0.9999998807907104
     },
     "timeStamp": 333.33331298828125
    },
    {
     "scale": {
      "x": 1.0000001192092896,
      "y": 0.9999998807907104,
      "z": 1.0
     },
     "timeStamp": 375.0
    },
    {
     "scale": {
      "x": 1.0,
      "y": 0.9999999403953552,
      "z": 0.9999999403953552
     },
     "timeStamp": 416.6665954589844
    },
    {
     "scale": {
      "x": 1.0000001192092896,
      "y": 0.9999999403953552,
      "z": 0.9999998807907104
     },
     "timeStamp": 458.33331298828125
    },
    {
     "scale": {
      "x": 1.0,
      "y": 0.9999998211860657,
      "z": 0.9999998807907104
     },
     "timeStamp": 500.0
    },
    {
     "scale": {
      "x": 1.0,
      "y": 0.9999998807907104,
      "z": 1.0
     },
     "timeStamp": 541.6666870117188
    },
    {
     "scale": {
      "x": 0.9999999403953552,
      "y": 0.9999998807907104,
      "z": 0.9999999403953552
     },
     "timeStamp": 583.3333129882813
    },
    {
     "scale": {
      "x": 0.9999999403953552,
      "y": 0.9999998807907104,
      "z": 0.9999998807907104
     },
     "timeStamp": 625.0
    },
    {
     "scale": {
      "x": 1.0,
      "y": 0.9999998807907104,
      "z": 0.9999998211860657
     },
     "timeStamp": 666.6666870117188
    },
    {
     "scale": {
      "x": 0.9999999403953552,
      "y": 1.0,
      "z": 0.9999998807907104
     },
     "timeStamp": 708.3333129882813
    },
    {
     "scale": {
      "x": 1.0,
      "y": 0.9999999403953552,
      "z": 0.9999999403953552
     },
     "timeStamp": 750.0
    },
    {
     "scale": {
      "x": 1.0,
      "y": 0.9999998807907104,
      "z": 0.9999999403953552
     },
     "timeStamp": 791.6666870117188
    },
    {
     "scale": {
      "x": 1.0,
      "y": 0.9999998807907104,
      "z": 0.9999998807907104
     },
     "timeStamp": 833.3333129882813
    }
   ]
  },
  {
   "m_ID": 4,
   "m_LocalTransform": {
    "_11": 1.0,
    "_12": 0.0,
    "_13": 0.0,
    "_14": 0.0,
    "_21": 0.0,
    "_22": 1.0,
    "_23": 0.0,
    "_24": 0.0,
    "_31": 0.0,
    "_32": 0.0,
    "_33": 1.0,
    "_34": 0.0,
    "_41": 0.0,
    "_42": 0.0,
    "_43": 0.0,
    "_44": 1.0
   },
   "m_Name": "Armature_Upper_Arm_L",
   "m_NumPositions": 21,
   "m_NumRotations": 21,
   "m_NumScalings": 21,
   "m_Positions": [
    {
     "position": {
      "x": 0.9250667095184326,
      "y": 0.7715867757797241,
      "z": 0.15571540594100952
     },
     "timeStamp": 0.0
    },
    {
     "position": {
      "x": 0.9250668287277222,
      "y": 0.771587073802948,
      "z": 0.15571540594100952
     },
     "timeStamp": 41.66661834716797
    },
    {
     "position": {
      "x": 0.9250667095184326,
      "y": 0.7715867757797241,
      "z": 0.15571540594100952
     },
     "timeStamp": 83.33331298828125
    },
    {
     "position": {
      "x": 0.9250668883323669,
      "y": 0.7715868949890137,
      "z": 0.15571540594100952
     },
     "timeStamp": 125.0
    },
    {
     "position": {
      "x": 0.9250668287277222,
      "y": 0.7715864777565002,
      "z": 0.15571540594100952
     },
     "timeStamp": 166.66659545898438
    },
    {
     "position": {
      "x": 0.9250668287277222,
      "y": 0.771587610244751,
      "z": 0.15571540594100952
     },
     "timeStamp": 208.3332977294922
    },
    {
     "position": {
      "x": 0.9250668287277222,
      "y": 0.7715870141983032,
      "z": 0.15571540594100952
     },
     "timeStamp": 250.0
    },
    {
     "position": {
      "x": 0.9250668287277222,
      "y": 0.771587073802948,
      "z": 0.15571540594100952
     },
     "timeStamp": 291.6665954589844
    },
    {
     "position": {
      "x": 0.9250668883323669,
      "y": 0.771587610244751,
      "z": 0.15571540594100952
     },
     "timeStamp": 333.33331298828125
    },
    {
     "position": {
      "x": 0.9250668287277222,
      "y": 0.7715871930122375,
      "z": 0.15571540594100952
     },
     "timeStamp": 375.0
    },
    {
     "position": {
      "x": 0.9250668287277222,
      "y": 0.771587073802948,
      "z": 0.15571540594100952
     },
     "timeStamp": 416.6665954589844
    },
    {
     "position": {
      "x": 0.9250668287277222,
      "y": 0.7715868949890137,
      "z": 0.15571540594100952
     },
     "timeStamp": 458.33331298828125
    },
    {
     "position": {
      "x": 0.9250668287277222,
      "y": 0.771587073802948,
      "z": 0.15571540594100952
     },
     "timeStamp": 500.0
    },
    {
     "position": {
      "x": 0.9250668287277222,
      "y": 0.7715861201286316,
      "z": 0.15571540594100952
     },
     "timeStamp": 541.6666870117188
    },
    {
     "position": {
      "x": 0.9250668287277222,
      "y": 0.7715864777565002,
      "z": 0.15571540594100952
     },
     "timeStamp": 583.3333129882813
    },
    {
     "position": {
      "x": 0.9250668883323669,
      "y": 0.7715870141983032,
      "z": 0.15571540594100952
     },
     "timeStamp": 625.0
    },
    {
     "position": {
      "x": 0.9250668287277222,
      "y": 0.7715864181518555,
      "z": 0.15571540594100952
     },
     "timeStamp": 666.6666870117188
    },
    {
     "position": {
      "x": 0.9250668287277222,
      "y": 0.7715864777565002,
      "z": 0.15571540594100952
     },
     "timeStamp": 708.3333129882813
    },
    {
     "position": {
      "x": 0.9250668883323669,
      "y": 0.7715870141983032,
      "z": 0.15571540594100952
     },
     "timeStamp": 750.0
    },
    {
     "position": {
      "x": 0.9250668287277222,
      "y": 0.7715874910354614,
      "z": 0.15571540594100952
     },
     "timeStamp": 791.6666870117188
    },
    {
     "position": {
      "x": 0.9250667095184326,
      "y": 0.7715867757797241,
      "z": 0.15571540594100952
     },
     "timeStamp": 833.3333129882813
    }
   ],
   "m_Rotations": [
    {
     "orientation": {
      "w": -0.11420781910419464,
      "x": 0.2749030292034149,
      "y": 0.49445733428001404,
      "z": 0.8166375160217285
     },
     "timeStamp": 0.0
    },
    {
     "orientation": {
      "w": -0.11812829971313477,
      "x": 0.2812125086784363,
      "y": 0.4781222939491272,
      "z": 0.8236287832260132
     },
     "timeStamp": 41.66661834716797
    },
    {
     "orientation": {
      "w": -0.13019637763500214,
      "x": 0.30041396617889404,
      "y": 0.42548319697380066,
      "z": 0.843661367893219
     },
     "timeStamp": 83.33331298828125
    },
    {
     "orientation": {
      "w": -0.14817091822624207,
      "x": 0.32831868529319763,
      "y": 0.33968982100486755,
      "z": 0.8688285946846008
     },
     "timeStamp": 125.0
    },
    {
     "orientation": {
      "w": -0.16644413769245148,
      "x": 0.3556489646434784,
      "y": 0.2414133995771408,
      "z": 0.8874287605285645
     },
     "timeStamp": 166.66659545898438
    },
    {
     "orientation": {
      "w": -0.18061144649982452,
      "x": 0.3759000599384308,
      "y": 0.1552242487668991,
      "z": 0.8955356478691101
     },
     "timeStamp": 208.3332977294922
    },
    {
     "orientation": {
      "w": -0.19331495463848114,
      "x": 0.39310434460639954,
      "y": 0.06777697056531906,
      "z": 0.8963841795921326
     },
     "timeStamp": 250.0
    },
    {
     "orientation": {
      "w": -0.20617850124835968,
      "x": 0.40917572379112244,
      "y": -0.035148799419403076,
      "z": 0.8881611824035645
     },
     "timeStamp": 291.6665954589844
    },
    {
     "orientation": {
      "w": -0.2158605009317398,
      "x": 0.41982150077819824,
      "y": -0.12806908786296844,
      "z": 0.872211217880249
     },
     "timeStamp": 333.33331298828125
    },
    {
     "orientation": {
      "w": -0.22100532054901123,
      "x": 0.424613356590271,
      "y": -0.18665848672389984,
      "z": 0.8579153418540955
     },
     "timeStamp": 375.0
    },
    {
     "orientation": {
      "w": -0.2224675863981247,
      "x": 0.4258069396018982,
      "y": -0.20510603487491608,
      "z": 0.8527181148529053
     },
     "timeStamp": 416.6665954589844
    },
    {
     "orientation": {
      "w": -0.2210053652524948,
      "x": 0.4246133863925934,
      "y": -0.18665844202041626,
      "z": 0.8579153418540955
     },
     "timeStamp": 458.33331298828125
    },
    {
     "orientation": {
      "w": -0.215860515832901,
      "x": 0.41982150077819824,
      "y": -0.12806907296180725,
      "z": 0.872211217880249
     },
     "timeStamp": 500.0
    },
    {
     "orientation": {
      "w": -0.2061784863471985,
      "x": 0.4091756045818329,
      "y": -0.03514871746301651,
      "z": 0.8881612420082092
     },
     "timeStamp": 541.6666870117188
    },
    {
     "orientation": {
      "w": -0.19331496953964233,
      "x": 0.39310428500175476,
      "y": 0.06777699291706085,
      "z": 0.8963841795921326
     },
     "timeStamp": 583.3333129882813
    },
    {
     "orientation": {
      "w": -0.18061146140098572,
      "x": 0.3758999705314636,
      "y": 0.1552242636680603,
      "z": 0.8955356478691101
     },
     "timeStamp": 625.0
    },
    {
     "orientation": {
      "w": -0.16644416749477386,
      "x": 0.355648934841156,
      "y": 0.2414134442806244,
      "z": 0.8874287605285645
     },
     "timeStamp": 666.6666870117188
    },
    {
     "orientation": {
      "w": -0.14817094802856445,
      "x": 0.3283185362815857,
      "y": 0.33968982100486755,
      "z": 0.8688285946846008
     },
     "timeStamp": 708.3333129882813
    },
    {
     "orientation": {
      "w": -0.13019640743732452,
      "x": 0.3004138767719269,
      "y": 0.4254831373691559,
      "z": 0.843661367893219
     },
     "timeStamp": 750.0
    },
    {
     "orientation": {
      "w": -0.11812829226255417,
      "x": 0.28121256828308105,
      "y": 0.4781222939491272,
      "z": 0.8236287236213684
     },
     "timeStamp": 791.6666870117188
    },
    {
     "orientation": {
      "w": -0.11420781910419464,
      "x": 0.2749030292034149,
      "y": 0.49445733428001404,
      "z": 0.8166375160217285
     },
     "timeStamp": 833.3333129882813
    }
   ],
   "m_Scales": [
    {
     "scale": {
      "x": 0.9999992847442627,
      "y": 1.0,
      "z": 0.9999997615814209
     },
     "timeStamp": 0.0
    },
    {
     "scale": {
      "x": 0.9999990463256836,
      "y": 0.9999999403953552,
      "z": 0.9999995827674866
     },
     "timeStamp": 41.66661834716797
    },
    {
     "scale": {
      "x": 0.9999992251396179,
      "y": 1.0,
      "z": 0.9999997019767761
     },
     "timeStamp": 83.33331298828125
    },
    {
     "scale": {
      "x": 0.9999992847442627,
      "y": 1.0,
      "z": 0.9999997615814209
     },
     "timeStamp": 125.0
    },
    {
     "scale": {
      "x": 0.9999992847442627,
      "y": 0.9999999403953552,
      "z": 0.9999997019767761
     },
     "timeStamp": 166.66659545898438
    },
    {
     "scale": {
      "x": 0.9999993443489075,
      "y": 1.0,
      "z": 0.9999998807907104
     },
     "timeStamp": 208.3332977294922
    },
    {
     "scale": {
      "x": 0.9999992847442627,
      "y": 0.9999999403953552,
      "z": 0.9999997615814209
     },
     "timeStamp": 250.0
    },
    {
     "scale": {
      "x": 0.9999993443489075,
      "y": 1.0,
      "z": 0.9999998807907104
     },
     "timeStamp": 291.6665954589844
    },
    {
     "scale": {
      "x": 0.9999994039535522,
      "y": 1.0000001192092896,
      "z": 0.9999997615814209
     },
     "timeStamp": 333.33331298828125
    },
    {
     "scale": {
      "x": 0.9999994039535522,
      "y": 0.9999999403953552,
      "z": 0.9999995827674866
     },
     "timeStamp": 375.0
    },
    {
     "scale": {
      "x": 0.9999994039535522,
      "y": 1.0,
      "z": 0.9999997019767761
     },
     "timeStamp": 416.6665954589844
    },
    {
     "scale": {
      "x": 0.9999992251396179,
      "y": 0.9999998211860657,
      "z": 0.9999995231628418
     },
     "timeStamp": 458.33331298828125
    },
    {
     "scale": {
      "x": 0.9999992847442627,
      "y": 1.0,
      "z": 0.9999996423721313
